From,To
Time period details,Source details
Observation-level footnotes,Sex
Time period details,Observation-level footnotes
